// Game: DDuel
// Format: Valve
// entity 0
{
"mapversion" "220"
"wad" ""
"classname" "worldspawn"
"_tb_mod" "trenchbroom"
"_tb_soft_map_bounds" "none"
// brush 0
{
( -160 -64 -16 ) ( -160 -63 -16 ) ( -160 -64 -15 ) surface-grunge-rough-asphalt-tarmac-grey-grainy-road-driveway-texture-background-top-view-surface-grunge-rough-asphalt-194404068 [ 0 -1 0 16 ] [ 0 0 -1 -32 ] 270 0.4 0.3
( -64 -272 -16 ) ( -64 -272 -15 ) ( -63 -272 -16 ) surface-grunge-rough-asphalt-tarmac-grey-grainy-road-driveway-texture-background-top-view-surface-grunge-rough-asphalt-194404068 [ 1 0 0 16 ] [ 0 0 -1 -32 ] 180 0.4 0.3
( -64 -64 -16 ) ( -63 -64 -16 ) ( -64 -63 -16 ) surface-grunge-rough-asphalt-tarmac-grey-grainy-road-driveway-texture-background-top-view-surface-grunge-rough-asphalt-194404068 [ -1 0 0 16 ] [ 0 -1 0 -32 ] 0 0.4 0.3
( 64 64 16 ) ( 64 65 16 ) ( 65 64 16 ) surface-grunge-rough-asphalt-tarmac-grey-grainy-road-driveway-texture-background-top-view-surface-grunge-rough-asphalt-194404068 [ 1 0 0 16 ] [ 0 -1 0 -32 ] 0 0.4 0.3
( 64 64 16 ) ( 65 64 16 ) ( 64 64 17 ) surface-grunge-rough-asphalt-tarmac-grey-grainy-road-driveway-texture-background-top-view-surface-grunge-rough-asphalt-194404068 [ -1 0 0 16 ] [ 0 0 -1 -32 ] 0 0.4 0.3
( 1008 64 16 ) ( 1008 64 17 ) ( 1008 65 16 ) surface-grunge-rough-asphalt-tarmac-grey-grainy-road-driveway-texture-background-top-view-surface-grunge-rough-asphalt-194404068 [ 0 1 0 16 ] [ 0 0 -1 -32 ] 0 0.4 0.3
}
// brush 1
{
( -160 -336 32 ) ( -160 -336 33 ) ( -160 -337 32 ) background-old-yellow-wall-with-crackle-painting_125540-1851 [ -1.2246467991473532e-16 -1 2.4492935982947064e-16 -608 ] [ -1.4997597826618576e-32 -2.4492935982947064e-16 -1 16 ] 90 0.7 0.5
( 816 -480 32 ) ( 815 -480 32 ) ( 816 -480 33 ) background-old-yellow-wall-with-crackle-painting_125540-1851 [ 1 -1.2246467991473532e-16 1.4997597826618576e-32 -224 ] [ -1.4997597826618576e-32 -2.4492935982947064e-16 -1 16 ] 90 0.7 0.5
( 1008 -272 16 ) ( 1007 -272 16 ) ( 1008 -273 16 ) background-old-yellow-wall-with-crackle-painting_125540-1851 [ 1 -1.2246467991473532e-16 1.4997597826618576e-32 -224 ] [ 1.2246467991473532e-16 1 -2.4492935982947064e-16 74 ] 90 0.7 0.5
( 816 -336 32 ) ( 816 -337 32 ) ( 815 -336 32 ) background-old-yellow-wall-with-crackle-painting_125540-1851 [ -1 1.2246467991473532e-16 -1.4997597826618576e-32 224 ] [ 1.2246467991473532e-16 1 -2.4492935982947064e-16 74 ] 90 0.7 0.5
( 1008 -272 16 ) ( 1008 -272 17 ) ( 1007 -272 16 ) background-old-yellow-wall-with-crackle-painting_125540-1851 [ -1 1.2246467991473532e-16 -1.4997597826618576e-32 224 ] [ -1.4997597826618576e-32 -2.4492935982947064e-16 -1 16 ] 270 0.7 0.5
( 1008 -272 16 ) ( 1008 -273 16 ) ( 1008 -272 17 ) background-old-yellow-wall-with-crackle-painting_125540-1851 [ 1.2246467991473532e-16 1 -2.4492935982947064e-16 608 ] [ -1.4997597826618576e-32 -2.4492935982947064e-16 -1 16 ] 270 0.7 0.5
}
// brush 2
{
( -160 208 32 ) ( -160 208 33 ) ( -160 207 32 ) background-old-yellow-wall-with-crackle-painting_125540-1851 [ -1.2246467991473532e-16 -1 2.4492935982947064e-16 169.14288 ] [ -1.4997597826618576e-32 -2.4492935982947064e-16 -1 16 ] 270 0.7 0.5
( 816 64 32 ) ( 815 64 32 ) ( 816 64 33 ) background-old-yellow-wall-with-crackle-painting_125540-1851 [ 1 -1.2246467991473532e-16 1.4997597826618576e-32 -224 ] [ -1.4997597826618576e-32 -2.4492935982947064e-16 -1 16 ] 270 0.7 0.5
( 1008 272 16 ) ( 1007 272 16 ) ( 1008 271 16 ) background-old-yellow-wall-with-crackle-painting_125540-1851 [ 1 -1.2246467991473532e-16 1.4997597826618576e-32 -224 ] [ 1.2246467991473532e-16 1 -2.4492935982947064e-16 -182 ] 270 0.7 0.5
( 816 208 32 ) ( 816 207 32 ) ( 815 208 32 ) background-old-yellow-wall-with-crackle-painting_125540-1851 [ -1 1.2246467991473532e-16 -1.4997597826618576e-32 224 ] [ 1.2246467991473532e-16 1 -2.4492935982947064e-16 -182 ] 270 0.7 0.5
( 1008 272 16 ) ( 1008 272 17 ) ( 1007 272 16 ) background-old-yellow-wall-with-crackle-painting_125540-1851 [ -1 1.2246467991473532e-16 -1.4997597826618576e-32 224 ] [ -1.4997597826618576e-32 -2.4492935982947064e-16 -1 16 ] 90 0.7 0.5
( 1008 272 16 ) ( 1008 271 16 ) ( 1008 272 17 ) background-old-yellow-wall-with-crackle-painting_125540-1851 [ 1.2246467991473532e-16 1 -2.4492935982947064e-16 -169.14288 ] [ -1.4997597826618576e-32 -2.4492935982947064e-16 -1 16 ] 90 0.7 0.5
}
// brush 3
{
( 432 -480 32 ) ( 432 -479 32 ) ( 432 -480 33 ) __TB_empty [ 0 -1 0 0 ] [ 0 0 -1 0 ] 270 1 1
( 256 -480 32 ) ( 256 -480 33 ) ( 257 -480 32 ) __TB_empty [ 1 0 0 0 ] [ 0 0 -1 0 ] 0 1 1
( 256 -480 32 ) ( 257 -480 32 ) ( 256 -479 32 ) __TB_empty [ -1 0 0 0 ] [ 0 -1 0 0 ] 0 1 1
( 656 -464 304 ) ( 656 -463 304 ) ( 657 -464 304 ) __TB_empty [ 1 0 0 0 ] [ 0 -1 0 0 ] 270 1 1
( 656 -464 48 ) ( 657 -464 48 ) ( 656 -464 49 ) __TB_empty [ -1 0 0 0 ] [ 0 0 -1 0 ] 0 1 1
( 656 -464 48 ) ( 656 -464 49 ) ( 656 -463 48 ) __TB_empty [ 0 1 0 0 ] [ 0 0 -1 0 ] 0 1 1
}
// brush 4
{
( -16 -480 32 ) ( -16 -479 32 ) ( -16 -480 33 ) __TB_empty [ 0 -1 0 0 ] [ 0 0 -1 0 ] 270 1 1
( -192 -480 32 ) ( -192 -480 33 ) ( -191 -480 32 ) __TB_empty [ 1 0 0 0 ] [ 0 0 -1 0 ] 0 1 1
( -192 -480 32 ) ( -191 -480 32 ) ( -192 -479 32 ) __TB_empty [ -1 0 0 0 ] [ 0 -1 0 0 ] 0 1 1
( 208 -464 304 ) ( 208 -463 304 ) ( 209 -464 304 ) __TB_empty [ 1 0 0 0 ] [ 0 -1 0 0 ] 270 1 1
( 208 -464 48 ) ( 209 -464 48 ) ( 208 -464 49 ) __TB_empty [ -1 0 0 0 ] [ 0 0 -1 0 ] 0 1 1
( 208 -464 48 ) ( 208 -464 49 ) ( 208 -463 48 ) __TB_empty [ 0 1 0 0 ] [ 0 0 -1 0 ] 0 1 1
}
// brush 5
{
( 208 -480 208 ) ( 208 -479 208 ) ( 208 -480 209 ) __TB_empty [ 0 -1 0 0 ] [ 0 0 -1 16 ] 0 1 1
( 32 -480 208 ) ( 32 -480 209 ) ( 33 -480 208 ) __TB_empty [ 1 0 0 0 ] [ 0 0 -1 16 ] 90 1 1
( 32 -480 240 ) ( 33 -480 240 ) ( 32 -479 240 ) __TB_empty [ -1 0 0 0 ] [ 0 -1 0 0 ] 0 1 1
( 432 -464 304 ) ( 432 -463 304 ) ( 433 -464 304 ) __TB_empty [ 1 0 0 0 ] [ 0 -1 0 0 ] 270 1 1
( 432 -464 224 ) ( 433 -464 224 ) ( 432 -464 225 ) __TB_empty [ -1 0 0 0 ] [ 0 0 -1 16 ] 90 1 1
( 432 -464 224 ) ( 432 -464 225 ) ( 432 -463 224 ) __TB_empty [ 0 1 0 0 ] [ 0 0 -1 16 ] 90 1 1
}
// brush 6
{
( 432 -480 176 ) ( 432 -464 176 ) ( 336 -464 240 ) __TB_empty [ -1 0 0 0 ] [ 0 -1 0 0 ] 180 1 1
( 336 -480 240 ) ( 432 -480 240 ) ( 432 -480 176 ) __TB_empty [ 1 0 0 0 ] [ 0 0 -1 -16 ] 270 1 1
( 336 -464 240 ) ( 432 -464 240 ) ( 432 -480 240 ) __TB_empty [ 1 0 0 0 ] [ 0 -1 0 0 ] 90 1 1
( 432 -464 176 ) ( 432 -464 240 ) ( 336 -464 240 ) __TB_empty [ -1 0 0 0 ] [ 0 0 -1 -16 ] 270 1 1
( 432 -480 240 ) ( 432 -464 240 ) ( 432 -464 176 ) __TB_empty [ 0 1 0 0 ] [ 0 0 -1 -16 ] 270 1 1
}
// brush 7
{
( 208 -464 240 ) ( 208 -480 240 ) ( 208 -480 176 ) __TB_empty [ -1.2246467991473532e-16 -1 0 16 ] [ 0 0 -1 -16 ] 0 1 1
( 208 -480 176 ) ( 208 -480 240 ) ( 304 -480 240 ) __TB_empty [ 1 -1.2246467991473532e-16 0 0 ] [ 0 0 -1 -16 ] 0 1 1
( 304 -480 240 ) ( 208 -480 240 ) ( 208 -464 240 ) __TB_empty [ -1 1.2246467991473532e-16 0 0 ] [ 1.2246467991473532e-16 1 0 -16 ] 0 1 1
( 304 -464 240 ) ( 208 -464 240 ) ( 208 -464 176 ) __TB_empty [ -1 1.2246467991473532e-16 0 0 ] [ 0 0 -1 -16 ] 0 1 1
( 208 -464 176 ) ( 208 -480 176 ) ( 304 -480 240 ) __TB_empty [ 1 -1.2246467991473532e-16 0 0 ] [ 1.2246467991473532e-16 1 0 -16 ] 19.806396 1 1
}
}
